# April 
#  5th 
#  3:46 PM
12.751 21.502 25.889 12.648 11.145
22.282 21.998 21.462 25.246 32.087
17.359 29.631 15.084 31.144 24.490
29.610 10.841 11.238 18.065 32.285
26.347 21.771 23.616 26.970 20.460
35.650 25.563 26.820 11.728 10.792
17.411 28.301 16.015 19.186 36.174
35.899 13.398 31.251 11.983 15.545
28.673 12.368 27.094 14.247 29.412
27.186 16.943 23.074 24.917 29.800
19.760 31.735 17.013 25.373 24.848
14.335 12.128 26.772 11.769 35.454
17.399 31.556 35.308 35.829 10.964
32.590 15.896 25.797 14.623 14.117
14.354 32.843 17.613 34.975 26.699
12.549 12.429 19.848 21.339 31.542
20.493 24.465 31.866 35.194 14.254
31.795 18.067 33.089 16.925 15.174
27.547 28.448 17.916 22.187 20.456
24.456 10.735 33.091 29.743 25.949
16.502 12.981 16.698 32.779 29.891
19.587 29.373 31.418 17.515 12.872
28.788 16.859 20.081 25.835 29.795
16.801 28.097 23.565 22.592 14.372
11.203 28.523 24.996 34.693 32.510
18.958 29.497 32.157 17.644 20.646
16.293 15.542 28.345 28.758 20.863
31.563 35.370 15.429 29.195 26.416
28.469 20.561 35.353 16.809 32.723
14.140 14.817 22.748 32.029 19.880
27.882 13.357 16.843 27.544 14.406
34.752 29.481 30.834 13.597 33.859
14.576 22.238 24.607 20.012 22.113
16.053 14.719 29.178 18.710 20.992
28.240 14.898 32.761 24.098 24.659
16.043 22.831 28.274 29.510 21.849
31.895 34.626 34.805 18.642 34.767
31.231 14.670 14.746 26.323 16.613
30.632 27.522 34.543 22.341 14.576
28.609 17.551 29.208 20.721 19.467
18.243 23.866 17.952 34.829 19.646
23.193 26.908 24.499 33.263 18.971
31.819 16.665 28.942 24.582 24.591
28.154 12.371 14.982 35.081 22.973
10.789 28.400 20.424 26.322 21.657
22.828 13.924 27.812 12.506 32.930
13.885 20.425 28.917 34.550 22.762
33.821 31.420 33.471 32.244 18.597
13.857 27.491 26.844 15.543 24.811
16.052 32.565 34.842 12.699 20.962
21.959 24.957 31.114 20.775 14.009
17.924 28.383 28.372 22.037 24.241
14.778 12.511 32.038 33.871 19.340
19.049 25.729 27.639 29.918 28.785
34.965 33.141 20.975 19.175 32.711
13.906 34.616 23.478 22.442 12.970
12.732 32.766 14.169 14.288 15.976
21.691 19.328 35.335 12.927 13.481
24.429 32.631 29.204 23.092 23.209
32.302 10.990 18.050 13.669 26.817
32.513 11.529 17.201 34.317 30.499
18.664 31.258 29.940 30.594 25.424
13.571 30.693 35.935 22.506 28.147
35.803 24.431 26.300 16.479 17.027
34.206 11.706 22.471 21.542 12.544
22.916 24.389 27.449 28.614 19.045
34.813 28.492 28.698 32.002 33.381
20.365 13.223 29.568 20.866 27.358
27.435 29.722 14.937 11.964 16.680
27.939 18.959 15.192 34.065 13.538
29.713 27.132 30.729 22.691 12.695
28.425 19.441 33.763 18.266 30.883
32.933 29.528 22.519 35.138 24.017
19.847 12.306 35.402 26.546 32.765
11.257 12.421 28.401 28.520 24.395
28.904 15.485 26.714 30.578 27.688
29.285 13.432 36.168 20.292 15.576
16.336 11.773 12.747 17.474 35.340
31.274 19.728 12.520 21.174 18.812
32.265 17.237 23.895 21.228 32.892
30.890 10.875 26.306 23.717 28.870
11.761 24.613 30.788 15.163 24.757
13.688 13.279 22.470 17.194 13.330
13.940 32.195 14.653 18.140 28.228
22.891 32.172 14.477 15.289 17.021
32.165 20.510 20.897 19.973 29.783
19.080 17.012 18.353 18.649 20.532
28.538 29.986 17.040 33.567 35.985
12.133 23.191 26.223 31.404 32.184
32.181 31.199 16.694 30.896 27.177
22.347 15.118 29.625 15.912 16.772
16.010 18.704 31.421 18.006 25.862
19.385 31.895 15.197 16.082 24.669
26.832 22.411 23.832 11.642 29.123
16.581 28.761 32.831 19.197 32.643
24.858 14.745 22.647 32.069 24.917
20.638 19.686 14.427 19.280 27.859
32.589 22.238 18.377 28.215 27.408
35.894 33.638 17.397 12.621 30.367
30.533 19.897 25.606 14.748 14.534
